0,00399
1,00398
2,00397
3,00396
4,00391
5,00390
6,00395
7,00394
8,00393
9,00392
10,00506
11,00505
12,00504
13,00503
14,00509
15,00508
16,00507
17,00502
18,00501
19,00500
20,00366
21,00487
22,00365
23,00486
24,00364
25,00485
26,00363
27,00484
28,00369
29,00368
30,00489
31,00367
32,00488
33,00362
34,00483
35,00361
36,00482
37,00360
38,00481
39,00480
40,00476
41,00475
42,00474
43,00473
44,00359
45,00358
46,00479
47,00357
48,00478
49,00356
50,00477
51,00472
52,00471
53,00470
54,00388
55,00387
56,00386
57,00385
58,00389
59,00380
60,00384
61,00383
62,00382
63,00381
64,00377
65,00498
66,00376
67,00497
68,00375
69,00496
70,00374
71,00495
72,00379
73,00378
74,00499
75,00490
76,00373
77,00494
78,00372
79,00493
80,00371
81,00492
82,00370
83,00491
84,00449
85,00448
86,00569
87,00443
88,00564
89,00442
90,00563
91,00441
92,00562
93,00440
94,00561
95,00447
96,00568
97,00446
98,00567
99,00445
100,00566
101,00444
102,00565
103,00560
104,00439
105,00438
106,00559
107,00437
108,00558
109,00432
110,00553
111,00431
112,00552
113,00430
114,00551
115,00550
116,00436
117,00557
118,00435
119,00556
120,00434
121,00555
122,00433
123,00554
124,00465
125,00464
126,00463
127,00462
128,00469
129,00468
130,00467
131,00466
132,00461
133,00582
134,00460
135,00581
136,00580
137,00459
138,00454
139,00575
140,00453
141,00574
142,00452
143,00573
144,00451
145,00572
146,00458
147,00579
148,00457
149,00578
150,00456
151,00577
152,00455
153,00576
154,00450
155,00571
156,00570
157,00407
158,00528
159,00406
160,00527
161,00405
162,00526
163,00404
164,00525
165,00409
166,00408
167,00529
168,00520
169,00403
170,00524
171,00402
172,00523
173,00401
174,00522
175,00400
176,00521
177,00517
178,00516
179,00515
180,00514
181,00519
182,00518
183,00513
184,00512
185,00511
186,00510
187,00429
188,00428
189,00549
190,00427
191,00548
192,00426
193,00547
194,00421
195,00542
196,00420
197,00541
198,00540
199,00425
200,00546
201,00424
202,00545
203,00423
204,00544
205,00422
206,00543
207,00418
208,00539
209,00417
210,00538
211,00416
212,00537
213,00415
214,00536
215,00419
216,00410
217,00531
218,00530
219,00414
220,00535
221,00413
222,00534
223,00412
224,00533
225,00411
226,00532
